    ---------------------------------------------------------------------------
    
    Generation(iteration) 22

    Intial population 

    [
    [
        -0.0,
        -9.349848438374952,
        -5.133538163915709,
        10.335567990539081,
        -0.9821665816719135,
        -0.0,
        -0.1251709624036962,
        0.0,
        -0.0,
        -0.0,
        -0.0
    ],
    [
        0.0,
        10,
        -5.542640284223358,
        9.738820657039337,
        -1.0508847901562715,
        -0.0,
        0.11398568278122582,
        -0.0,
        -0.0,
        0.0,
        -0.0
    ],
    [
        0.0,
        10,
        5.4333574770418425,
        10,
        1.022557068208881,
        0.0,
        0.1320590384824506,
        -0.0,
        0.0,
        -0.0,
        0.0
    ],
    [
        0.0,
        9.33311498118891,
        5.106274777426296,
        -10,
        -0.9098286128016287,
        -0.0,
        -0.11500429676819438,
        0.0,
        0.0,
        -0.0,
        -0.0
    ],
    [
        0.0,
        9.46800288488893,
        5.0736239794171585,
        10,
        -0.9382622969341579,
        0.0,
        0.129771873553579,
        -0.0,
        0.0,
        0.0,
        -0.0
    ],
    [
        0.0,
        8.745048783635855,
        5.387251854700145,
        9.694505537637664,
        1.004643190008904,
        -0.0,
        -0.1128148975701421,
        0.0,
        -0.0,
        0.0,
        0.0
    ],
    [
        -0.0,
        -8.751705402794709,
        5.378447480898288,
        9.447437480876271,
        0.9676417637913506,
        -0.0,
        0.11779833264893409,
        -0.0,
        0.0,
        0.0,
        0.0
    ],
    [
        -0.0,
        -9.44479405463631,
        -4.874146808518136,
        10,
        0.9607555659893112,
        0.0,
        -0.12930888966532825,
        -0.0,
        0.0,
        0.0,
        0.0
    ],
    [
        -0.0,
        -9.993055956577686,
        5.447534469667449,
        -9.432814082427278,
        -0.8880615788702391,
        -0.0,
        -0.12056171092353653,
        0.0,
        0.0,
        0.0,
        -0.0
    ],
    [
        -0.0,
        9.436417847560802,
        -5.410730365555694,
        10,
        -0.9071359879718298,
        0.0,
        0.12209266616969705,
        0.0,
        -0.0,
        -0.0,
        -0.0
    ],
    [
        -0.0,
        -10,
        -4.904565113734221,
        10,
        0.9481257884244633,
        -0.0,
        0.12952367401395784,
        -0.0,
        -0.0,
        0.0,
        0.0
    ]
]
    



    ---------------------------------------------------------------------------
    



    Generation(iteration) 22  -> 

    Intial population 

    [
    [
        -0.0,
        -9.349848438374952,
        -5.133538163915709,
        10.335567990539081,
        -0.9821665816719135,
        -0.0,
        -0.1251709624036962,
        0.0,
        -0.0,
        -0.0,
        -0.0
    ],
    [
        0.0,
        9.649855043722946,
        5.525744828302433,
        10,
        -0.9841917615841278,
        -0.0,
        0.11292423825471892,
        0.0,
        -0.0,
        0.0,
        -0.0
    ],
    [
        -0.0,
        -8.690758180053166,
        -4.76996508149753,
        -10,
        1.0131428762556602,
        0.0,
        -0.13058848101237505,
        -0.0,
        0.0,
        -0.0,
        -0.0
    ],
    [
        0.0,
        8.839875742141043,
        -5.402171152230353,
        9.305971035071972,
        1.0097662728966703,
        0.0,
        -0.12211363540045862,
        0.0,
        0.0,
        0.0,
        0.0
    ],
    [
        0.0,
        9.070572634477195,
        -4.741609700262879,
        10,
        1.020829209958755,
        -0.0,
        0.1194017626959171,
        0.0,
        -0.0,
        0.0,
        -0.0
    ],
    [
        -0.0,
        9.519746429431839,
        -4.865340939412939,
        -10,
        -0.8858471052464844,
        0.0,
        0.12478152648272846,
        0.0,
        0.0,
        -0.0,
        0.0
    ],
    [
        -0.0,
        8.654063807154548,
        -5.448408133249511,
        -10,
        0.9069705834676202,
        0.0,
        0.13490670476472258,
        0.0,
        -0.0,
        0.0,
        -0.0
    ],
    [
        -0.0,
        -8.82686336787041,
        -4.972836793587802,
        -9.873402094488716,
        1.0003223987009604,
        -0.0,
        0.13162266453435653,
        -0.0,
        0.0,
        0.0,
        0.0
    ],
    [
        -0.0,
        9.097806003047578,
        5.016309820406643,
        10,
        0.9910949487082377,
        0.0,
        -0.13706045943897863,
        0.0,
        -0.0,
        -0.0,
        -0.0
    ],
    [
        0.0,
        -9.453959557835937,
        -5.22795621080705,
        10,
        -1.0562703536152886,
        0.0,
        0.1344883457785342,
        0.0,
        -0.0,
        -0.0,
        -0.0
    ],
    [
        0.0,
        9.350982071769888,
        -5.517774645521654,
        -10,
        -1.008223207344159,
        0.0,
        0.1324030056906111,
        -0.0,
        -0.0,
        -0.0,
        0.0
    ]
]
    



    ---------------------------------------------------------------------------
    



    Generation(iteration) 22  -> 

    Intial population 

    [
    [
        -0.0,
        -9.349848438374952,
        -5.133538163915709,
        10.335567990539081,
        -0.9821665816719135,
        -0.0,
        -0.1251709624036962,
        0.0,
        -0.0,
        -0.0,
        -0.0
    ],
    [
        -0.0,
        9.349848438374952,
        4.685770059974097,
        -10,
        -1.0719630351630718,
        -0.0,
        -0.1251709624036962,
        0.0,
        -0.0,
        0.0,
        -0.0
    ],
    [
        0.0,
        9.349848438374952,
        -5.133538163915709,
        10,
        -0.9821665816719135,
        -0.0,
        0.1251709624036962,
        -0.0,
        0.0,
        -0.0,
        0.0
    ],
    [
        -0.0,
        9.349848438374952,
        5.133538163915709,
        -10,
        0.9821665816719135,
        -0.0,
        -0.1251709624036962,
        0.0,
        0.0,
        0.0,
        -0.0
    ],
    [
        -0.0,
        -8.844853103257131,
        5.133538163915709,
        -10,
        0.9448339889265764,
        0.0,
        0.1161422759671286,
        -0.0,
        -0.0,
        -0.0,
        -0.0
    ],
    [
        -0.0,
        9.349848438374952,
        -5.133538163915709,
        10,
        0.9821665816719135,
        0.0,
        0.1251709624036962,
        0.0,
        -0.0,
        -0.0,
        0.0
    ],
    [
        0.0,
        8.835087375372355,
        -5.60065716793698,
        10,
        0.9635451313985667,
        -0.0,
        0.1270807965934671,
        -0.0,
        -0.0,
        0.0,
        -0.0
    ],
    [
        0.0,
        9.349848438374952,
        -4.786981782692166,
        9.854303264110824,
        0.9821665816719135,
        -0.0,
        0.12472461859039578,
        0.0,
        -0.0,
        -0.0,
        -0.0
    ],
    [
        -0.0,
        -9.349848438374952,
        -5.133538163915709,
        10,
        -0.9821665816719135,
        -0.0,
        -0.1251709624036962,
        0.0,
        -0.0,
        -0.0,
        0.0
    ],
    [
        -0.0,
        -9.265564886834822,
        5.133538163915709,
        -10,
        -0.9821665816719135,
        -0.0,
        0.1251709624036962,
        0.0,
        0.0,
        -0.0,
        0.0
    ],
    [
        0.0,
        -10,
        -5.133538163915709,
        -10,
        0.9821665816719135,
        -0.0,
        0.1375340637050766,
        -0.0,
        0.0,
        0.0,
        0.0
    ]
]
    



    ---------------------------------------------------------------------------
    



    Generation(iteration) 22  -> 

    Intial population 

    [
    [
        -0.0,
        -9.349848438374952,
        -5.133538163915709,
        10.335567990539081,
        -0.9821665816719135,
        -0.0,
        -0.1251709624036962,
        0.0,
        -0.0,
        -0.0,
        -0.0
    ],
    [
        -0.0,
        -9.349848438374952,
        5.133538163915709,
        -10,
        0.9821665816719135,
        -0.0,
        -0.1251709624036962,
        0.0,
        -0.0,
        0.0,
        -0.0
    ],
    [
        -0.0,
        9.349848438374952,
        5.133538163915709,
        -10,
        -0.9821665816719135,
        0.0,
        0.1337836759169919,
        0.0,
        -0.0,
        -0.0,
        -0.0
    ],
    [
        0.0,
        8.925439988836883,
        5.253355243373158,
        -10,
        0.9766645696207866,
        -0.0,
        0.1251709624036962,
        -0.0,
        0.0,
        0.0,
        0.0
    ],
    [
        -0.0,
        9.377639244531217,
        -5.133538163915709,
        -10,
        1.0253159356087993,
        -0.0,
        -0.1197201024789992,
        0.0,
        0.0,
        -0.0,
        -0.0
    ],
    [
        -0.0,
        9.591025115565085,
        5.133538163915709,
        -10,
        -0.9821665816719135,
        -0.0,
        -0.1251709624036962,
        0.0,
        0.0,
        0.0,
        -0.0
    ],
    [
        -0.0,
        -9.349848438374952,
        5.110103828384968,
        -10,
        -0.9773616912156168,
        0.0,
        0.1251709624036962,
        -0.0,
        0.0,
        -0.0,
        0.0
    ],
    [
        -0.0,
        -10,
        5.133538163915709,
        10,
        0.9821665816719135,
        0.0,
        -0.12775053677117074,
        -0.0,
        0.0,
        0.0,
        0.0
    ],
    [
        0.0,
        -9.031757829409887,
        -4.7743119794676705,
        -10,
        -0.9820967228983489,
        0.0,
        0.1251709624036962,
        0.0,
        0.0,
        -0.0,
        0.0
    ],
    [
        0.0,
        8.528165238658712,
        5.356377150903996,
        -10,
        0.9821665816719135,
        0.0,
        0.1251709624036962,
        -0.0,
        0.0,
        0.0,
        0.0
    ],
    [
        0.0,
        10,
        5.133538163915709,
        10,
        -0.9821665816719135,
        0.0,
        0.1251709624036962,
        0.0,
        -0.0,
        -0.0,
        0.0
    ]
]
    



    ---------------------------------------------------------------------------
    



    Generation(iteration) 22  -> 

    Intial population 

    [
    [
        -0.0,
        -9.349848438374952,
        -5.133538163915709,
        10,
        -0.9821665816719135,
        -0.0,
        -0.1251709624036962,
        0.0,
        -0.0,
        -0.0,
        -0.0
    ],
    [
        -0.0,
        9.349848438374952,
        -5.128732892889876,
        9.557679651019734,
        -0.9821665816719135,
        0.0,
        0.1286852066864131,
        -0.0,
        -0.0,
        -0.0,
        0.0
    ],
    [
        0.0,
        9.349848438374952,
        5.133538163915709,
        -9.427128135143493,
        0.9821665816719135,
        -0.0,
        -0.1251709624036962,
        0.0,
        0.0,
        0.0,
        0.0
    ],
    [
        -0.0,
        -9.349848438374952,
        4.646877541274876,
        10,
        0.9821665816719135,
        -0.0,
        -0.1339170974947483,
        0.0,
        0.0,
        -0.0,
        0.0
    ],
    [
        -0.0,
        9.349848438374952,
        -5.133538163915709,
        -9.791276327667065,
        -0.9821665816719135,
        -0.0,
        -0.1320802791051823,
        0.0,
        -0.0,
        -0.0,
        0.0
    ],
    [
        -0.0,
        9.349848438374952,
        5.133538163915709,
        10,
        0.9821665816719135,
        0.0,
        -0.11939854933014361,
        -0.0,
        -0.0,
        0.0,
        -0.0
    ],
    [
        -0.0,
        -9.5918213922856,
        5.133538163915709,
        10,
        0.9821665816719135,
        0.0,
        -0.1251709624036962,
        -0.0,
        -0.0,
        0.0,
        -0.0
    ],
    [
        0.0,
        -8.876294705321275,
        5.133538163915709,
        -10,
        0.9821665816719135,
        -0.0,
        -0.13125633091997435,
        0.0,
        -0.0,
        -0.0,
        -0.0
    ],
    [
        -0.0,
        -9.349848438374952,
        5.50227878251906,
        -10,
        1.0549259424818818,
        0.0,
        0.1251709624036962,
        0.0,
        0.0,
        0.0,
        0.0
    ],
    [
        0.0,
        -9.349848438374952,
        -5.133538163915709,
        -10,
        0.9821665816719135,
        0.0,
        -0.12146837811461625,
        0.0,
        -0.0,
        0.0,
        0.0
    ],
    [
        -0.0,
        8.856143013691065,
        5.381016859281171,
        -10,
        -0.9478325876684988,
        -0.0,
        -0.1150697327537214,
        0.0,
        -0.0,
        0.0,
        0.0
    ]
]
    
     After Selection 
    
    [
    [
        -0.0,
        -9.349848438374952,
        -5.133538163915709,
        10,
        -0.9821665816719135,
        -0.0,
        -0.1251709624036962,
        0.0,
        -0.0,
        -0.0,
        -0.0
    ],
    [
        -0.0,
        9.349848438374952,
        -5.128732892889876,
        9.557679651019734,
        -0.9821665816719135,
        0.0,
        0.1286852066864131,
        -0.0,
        -0.0,
        -0.0,
        0.0
    ],
    [
        -0.0,
        8.856143013691065,
        5.381016859281171,
        -10,
        -0.9478325876684988,
        -0.0,
        -0.1150697327537214,
        0.0,
        -0.0,
        0.0,
        0.0
    ],
    [
        -0.0,
        9.349848438374952,
        -5.133538163915709,
        -9.791276327667065,
        -0.9821665816719135,
        -0.0,
        -0.1320802791051823,
        0.0,
        -0.0,
        -0.0,
        0.0
    ],
    [
        0.0,
        -9.349848438374952,
        -5.133538163915709,
        -10,
        0.9821665816719135,
        0.0,
        -0.12146837811461625,
        0.0,
        -0.0,
        0.0,
        0.0
    ],
    [
        0.0,
        -8.876294705321275,
        5.133538163915709,
        -10,
        0.9821665816719135,
        -0.0,
        -0.13125633091997435,
        0.0,
        -0.0,
        -0.0,
        -0.0
    ]
]
    
    After Crossover 
    
    [
    [
        -0.0,
        -9.349848438374952,
        -5.133538163915709,
        10,
        -0.9821665816719135,
        -0.0,
        -0.1251709624036962,
        0.0,
        -0.0,
        -0.0,
        -0.0
    ],
    [
        -0.0,
        9.349848438374952,
        -5.128732892889876,
        9.557679651019734,
        -0.9821665816719135,
        0.0,
        0.1286852066864131,
        -0.0,
        -0.0,
        -0.0,
        0.0
    ],
    [
        -0.0,
        8.856143013691065,
        5.381016859281171,
        -10,
        -0.9478325876684988,
        -0.0,
        -0.1150697327537214,
        0.0,
        -0.0,
        0.0,
        0.0
    ],
    [
        -0.0,
        9.349848438374952,
        -5.133538163915709,
        -9.791276327667065,
        -0.9821665816719135,
        -0.0,
        -0.1320802791051823,
        0.0,
        -0.0,
        -0.0,
        0.0
    ],
    [
        0.0,
        -9.349848438374952,
        -5.133538163915709,
        -10,
        0.9821665816719135,
        0.0,
        -0.12146837811461625,
        0.0,
        -0.0,
        0.0,
        0.0
    ],
    [
        0.0,
        -8.876294705321275,
        5.133538163915709,
        -10,
        0.9821665816719135,
        -0.0,
        -0.13125633091997435,
        0.0,
        -0.0,
        -0.0,
        -0.0
    ]
][
    [
        0.0,
        9.426546027539324,
        5.434694166966233,
        9.557679651019734,
        -1.0021043371188683,
        -0.0,
        -0.12699504902233275,
        -0.0,
        -0.0,
        -0.0,
        0.0
    ],
    [
        -0.0,
        9.349848438374952,
        -5.128732892889876,
        8.908782070383404,
        -0.9821665816719135,
        -0.0,
        0.1286852066864131,
        -0.0,
        -0.0,
        -0.0,
        0.0
    ],
    [
        -0.0,
        8.575749978203904,
        -5.133538163915709,
        10,
        1.0617868089565254,
        -0.0,
        0.13331156873250943,
        0.0,
        -0.0,
        -0.0,
        -0.0
    ],
    [
        0.0,
        8.66479452107542,
        5.573797108784179,
        -9.73952282231654,
        0.9821665816719135,
        0.0,
        -0.12146837811461625,
        0.0,
        -0.0,
        0.0,
        0.0
    ],
    [
        -0.0,
        -8.750858892772305,
        -5.133538163915709,
        10,
        1.0244636111330987,
        0.0,
        -0.13290497986324823,
        0.0,
        -0.0,
        -0.0,
        -0.0
    ],
    [
        0.0,
        -9.349848438374952,
        -5.133538163915709,
        -9.960816894555467,
        0.9821665816719135,
        0.0,
        -0.12146837811461625,
        0.0,
        -0.0,
        -0.0,
        0.0
    ],
    [
        -0.0,
        -9.562698823308827,
        -5.133538163915709,
        -10,
        -0.9821665816719135,
        -0.0,
        -0.1320802791051823,
        0.0,
        -0.0,
        0.0,
        -0.0
    ],
    [
        -0.0,
        9.349848438374952,
        5.037655501718448,
        9.557679651019734,
        -0.9821665816719135,
        0.0,
        0.1286852066864131,
        -0.0,
        -0.0,
        -0.0,
        0.0
    ],
    [
        0.0,
        -8.876294705321275,
        5.004050850119926,
        -10,
        0.9821665816719135,
        -0.0,
        0.1365059294453045,
        0.0,
        -0.0,
        -0.0,
        0.0
    ],
    [
        -0.0,
        9.349848438374952,
        -5.128732892889876,
        9.553363015798089,
        -0.9765576062866156,
        0.0,
        0.1286852066864131,
        -0.0,
        0.0,
        -0.0,
        -0.0
    ],
    [
        -0.0,
        -9.349848438374952,
        -5.565848483809957,
        -9.205547642328186,
        -0.9821665816719135,
        -0.0,
        -0.1251709624036962,
        0.0,
        0.0,
        0.0,
        0.0
    ],
    [
        0.0,
        -9.989185885587707,
        -5.524566434901234,
        9.557679651019734,
        -0.9821665816719135,
        0.0,
        0.1286852066864131,
        -0.0,
        -0.0,
        -0.0,
        0.0
    ],
    [
        -0.0,
        -9.683035311164016,
        5.381016859281171,
        -10,
        -0.9478325876684988,
        -0.0,
        0.11081579617505519,
        0.0,
        -0.0,
        0.0,
        0.0
    ],
    [
        -0.0,
        9.349848438374952,
        -5.133538163915709,
        -9.791276327667065,
        0.909081044643215,
        -0.0,
        -0.14323505185476565,
        0.0,
        0.0,
        -0.0,
        0.0
    ],
    [
        -0.0,
        -9.349848438374952,
        -5.133538163915709,
        -9.121093004365417,
        0.9821665816719135,
        0.0,
        -0.111565361719376,
        0.0,
        0.0,
        0.0,
        0.0
    ]
]
    



    ---------------------------------------------------------------------------
    



    Generation(iteration) 23  -> 

    Intial population 

    [
    [
        0.0,
        9.426546027539324,
        5.434694166966233,
        9.557679651019734,
        -1.0021043371188683,
        -0.0,
        -0.12699504902233275,
        -0.0,
        -0.0,
        -0.0,
        0.0
    ],
    [
        -0.0,
        9.349848438374952,
        -5.128732892889876,
        8.908782070383404,
        -0.9821665816719135,
        -0.0,
        0.1286852066864131,
        -0.0,
        -0.0,
        -0.0,
        0.0
    ],
    [
        -0.0,
        8.575749978203904,
        -5.133538163915709,
        10,
        1.0617868089565254,
        -0.0,
        0.13331156873250943,
        0.0,
        -0.0,
        -0.0,
        -0.0
    ],
    [
        0.0,
        8.66479452107542,
        5.573797108784179,
        -9.73952282231654,
        0.9821665816719135,
        0.0,
        -0.12146837811461625,
        0.0,
        -0.0,
        0.0,
        0.0
    ],
    [
        -0.0,
        -8.750858892772305,
        -5.133538163915709,
        10,
        1.0244636111330987,
        0.0,
        -0.13290497986324823,
        0.0,
        -0.0,
        -0.0,
        -0.0
    ],
    [
        0.0,
        -9.349848438374952,
        -5.133538163915709,
        -9.960816894555467,
        0.9821665816719135,
        0.0,
        -0.12146837811461625,
        0.0,
        -0.0,
        -0.0,
        0.0
    ],
    [
        -0.0,
        -9.562698823308827,
        -5.133538163915709,
        -10,
        -0.9821665816719135,
        -0.0,
        -0.1320802791051823,
        0.0,
        -0.0,
        0.0,
        -0.0
    ],
    [
        -0.0,
        9.349848438374952,
        5.037655501718448,
        9.557679651019734,
        -0.9821665816719135,
        0.0,
        0.1286852066864131,
        -0.0,
        -0.0,
        -0.0,
        0.0
    ],
    [
        0.0,
        -8.876294705321275,
        5.004050850119926,
        -10,
        0.9821665816719135,
        -0.0,
        0.1365059294453045,
        0.0,
        -0.0,
        -0.0,
        0.0
    ],
    [
        -0.0,
        9.349848438374952,
        -5.128732892889876,
        9.553363015798089,
        -0.9765576062866156,
        0.0,
        0.1286852066864131,
        -0.0,
        0.0,
        -0.0,
        -0.0
    ],
    [
        -0.0,
        -9.349848438374952,
        -5.565848483809957,
        -9.205547642328186,
        -0.9821665816719135,
        -0.0,
        -0.1251709624036962,
        0.0,
        0.0,
        0.0,
        0.0
    ],
    [
        0.0,
        -9.989185885587707,
        -5.524566434901234,
        9.557679651019734,
        -0.9821665816719135,
        0.0,
        0.1286852066864131,
        -0.0,
        -0.0,
        -0.0,
        0.0
    ],
    [
        -0.0,
        -9.683035311164016,
        5.381016859281171,
        -10,
        -0.9478325876684988,
        -0.0,
        0.11081579617505519,
        0.0,
        -0.0,
        0.0,
        0.0
    ],
    [
        -0.0,
        9.349848438374952,
        -5.133538163915709,
        -9.791276327667065,
        0.909081044643215,
        -0.0,
        -0.14323505185476565,
        0.0,
        0.0,
        -0.0,
        0.0
    ],
    [
        -0.0,
        -9.349848438374952,
        -5.133538163915709,
        -9.121093004365417,
        0.9821665816719135,
        0.0,
        -0.111565361719376,
        0.0,
        0.0,
        0.0,
        0.0
    ]
]
    
     After Selection 
    
    [
    [
        -0.0,
        9.349848438374952,
        -5.128732892889876,
        9.553363015798089,
        -0.9765576062866156,
        0.0,
        0.1286852066864131,
        -0.0,
        0.0,
        -0.0,
        -0.0
    ],
    [
        -0.0,
        9.349848438374952,
        5.037655501718448,
        9.557679651019734,
        -0.9821665816719135,
        0.0,
        0.1286852066864131,
        -0.0,
        -0.0,
        -0.0,
        0.0
    ],
    [
        0.0,
        -9.989185885587707,
        -5.524566434901234,
        9.557679651019734,
        -0.9821665816719135,
        0.0,
        0.1286852066864131,
        -0.0,
        -0.0,
        -0.0,
        0.0
    ],
    [
        0.0,
        9.426546027539324,
        5.434694166966233,
        9.557679651019734,
        -1.0021043371188683,
        -0.0,
        -0.12699504902233275,
        -0.0,
        -0.0,
        -0.0,
        0.0
    ],
    [
        -0.0,
        9.349848438374952,
        -5.128732892889876,
        8.908782070383404,
        -0.9821665816719135,
        -0.0,
        0.1286852066864131,
        -0.0,
        -0.0,
        -0.0,
        0.0
    ],
    [
        -0.0,
        -9.683035311164016,
        5.381016859281171,
        -10,
        -0.9478325876684988,
        -0.0,
        0.11081579617505519,
        0.0,
        -0.0,
        0.0,
        0.0
    ]
]
    
    After Crossover 
    
    [
    [
        -0.0,
        9.349848438374952,
        -5.128732892889876,
        9.553363015798089,
        -0.9765576062866156,
        0.0,
        0.1286852066864131,
        -0.0,
        0.0,
        -0.0,
        -0.0
    ],
    [
        -0.0,
        9.349848438374952,
        5.037655501718448,
        9.557679651019734,
        -0.9821665816719135,
        0.0,
        0.1286852066864131,
        -0.0,
        -0.0,
        -0.0,
        0.0
    ],
    [
        0.0,
        -9.989185885587707,
        -5.524566434901234,
        9.557679651019734,
        -0.9821665816719135,
        0.0,
        0.1286852066864131,
        -0.0,
        -0.0,
        -0.0,
        0.0
    ],
    [
        0.0,
        9.426546027539324,
        5.434694166966233,
        9.557679651019734,
        -1.0021043371188683,
        -0.0,
        -0.12699504902233275,
        -0.0,
        -0.0,
        -0.0,
        0.0
    ],
    [
        -0.0,
        9.349848438374952,
        -5.128732892889876,
        8.908782070383404,
        -0.9821665816719135,
        -0.0,
        0.1286852066864131,
        -0.0,
        -0.0,
        -0.0,
        0.0
    ],
    [
        -0.0,
        -9.683035311164016,
        5.381016859281171,
        -10,
        -0.9478325876684988,
        -0.0,
        0.11081579617505519,
        0.0,
        -0.0,
        0.0,
        0.0
    ]
][
    [
        0.0,
        9.426546027539324,
        5.434694166966233,
        9.557679651019734,
        -1.0048037409761859,
        0.0,
        -0.12699504902233275,
        -0.0,
        -0.0,
        -0.0,
        0.0
    ],
    [
        -0.0,
        9.426546027539324,
        5.434694166966233,
        -9.350565391407905,
        -0.9977658897858708,
        -0.0,
        -0.12103805332702626,
        -0.0,
        -0.0,
        -0.0,
        -0.0
    ],
    [
        -0.0,
        -8.924831987411057,
        -5.079280329075,
        -10,
        -0.9478325876684988,
        0.0,
        0.1207699593459108,
        0.0,
        0.0,
        -0.0,
        0.0
    ],
    [
        -0.0,
        9.349848438374952,
        -5.128732892889876,
        -8.692236602715537,
        -0.9821665816719135,
        -0.0,
        0.12399929609921978,
        -0.0,
        -0.0,
        0.0,
        0.0
    ],
    [
        0.0,
        9.349848438374952,
        5.042718215121493,
        -8.897293526184145,
        -0.8965311876699125,
        0.0,
        0.1286852066864131,
        0.0,
        0.0,
        -0.0,
        -0.0
    ],
    [
        -0.0,
        9.349848438374952,
        5.199502133757593,
        9.557679651019734,
        -1.050745661044592,
        -0.0,
        0.1286852066864131,
        -0.0,
        -0.0,
        -0.0,
        0.0
    ],
    [
        0.0,
        -9.67864236474673,
        6.042421479970239,
        9.557679651019734,
        -0.9571634340019024,
        0.0,
        0.1286852066864131,
        0.0,
        -0.0,
        0.0,
        0.0
    ],
    [
        -0.0,
        9.349848438374952,
        -5.128732892889876,
        -8.658048570938995,
        -0.9821665816719135,
        0.0,
        0.1286852066864131,
        -0.0,
        0.0,
        -0.0,
        0.0
    ],
    [
        0.0,
        10,
        -5.239461787315949,
        9.609008302956358,
        -0.9821665816719135,
        -0.0,
        0.1286852066864131,
        -0.0,
        -0.0,
        -0.0,
        -0.0
    ],
    [
        -0.0,
        9.349848438374952,
        -5.128732892889876,
        8.908782070383404,
        -0.9406210636793995,
        -0.0,
        0.1286852066864131,
        -0.0,
        -0.0,
        -0.0,
        0.0
    ],
    [
        0.0,
        -9.989185885587707,
        5.101900463965776,
        9.557679651019734,
        -1.0314057117341695,
        0.0,
        -0.13760235118420308,
        -0.0,
        -0.0,
        -0.0,
        0.0
    ],
    [
        0.0,
        9.349848438374952,
        -5.128732892889876,
        9.553363015798089,
        -0.9765576062866156,
        -0.0,
        0.1286852066864131,
        -0.0,
        0.0,
        -0.0,
        -0.0
    ],
    [
        0.0,
        -8.492362234570917,
        5.037655501718448,
        9.892821488349774,
        -0.9821665816719135,
        0.0,
        0.1286852066864131,
        -0.0,
        -0.0,
        -0.0,
        0.0
    ],
    [
        0.0,
        -9.989185885587707,
        -5.524566434901234,
        -9.607775745176241,
        -1.0579336557222399,
        -0.0,
        0.1286852066864131,
        -0.0,
        -0.0,
        -0.0,
        0.0
    ],
    [
        0.0,
        9.426546027539324,
        5.434694166966233,
        9.557679651019734,
        -1.0021043371188683,
        -0.0,
        -0.12699504902233275,
        -0.0,
        -0.0,
        -0.0,
        0.0
    ],
    [
        0.0,
        9.15239884685716,
        -5.128732892889876,
        8.908782070383404,
        -0.9821665816719135,
        0.0,
        -0.11975572161743939,
        -0.0,
        -0.0,
        -0.0,
        0.0
    ]
]
    



    ---------------------------------------------------------------------------
    



    Generation(iteration) 24  -> 

    Intial population 

    [
    [
        0.0,
        9.426546027539324,
        5.434694166966233,
        9.557679651019734,
        -1.0048037409761859,
        0.0,
        -0.12699504902233275,
        -0.0,
        -0.0,
        -0.0,
        0.0
    ],
    [
        -0.0,
        9.426546027539324,
        5.434694166966233,
        -9.350565391407905,
        -0.9977658897858708,
        -0.0,
        -0.12103805332702626,
        -0.0,
        -0.0,
        -0.0,
        -0.0
    ],
    [
        -0.0,
        -8.924831987411057,
        -5.079280329075,
        -10,
        -0.9478325876684988,
        0.0,
        0.1207699593459108,
        0.0,
        0.0,
        -0.0,
        0.0
    ],
    [
        -0.0,
        9.349848438374952,
        -5.128732892889876,
        -8.692236602715537,
        -0.9821665816719135,
        -0.0,
        0.12399929609921978,
        -0.0,
        -0.0,
        0.0,
        0.0
    ],
    [
        0.0,
        9.349848438374952,
        5.042718215121493,
        -8.897293526184145,
        -0.8965311876699125,
        0.0,
        0.1286852066864131,
        0.0,
        0.0,
        -0.0,
        -0.0
    ],
    [
        -0.0,
        9.349848438374952,
        5.199502133757593,
        9.557679651019734,
        -1.050745661044592,
        -0.0,
        0.1286852066864131,
        -0.0,
        -0.0,
        -0.0,
        0.0
    ],
    [
        0.0,
        -9.67864236474673,
        6.042421479970239,
        9.557679651019734,
        -0.9571634340019024,
        0.0,
        0.1286852066864131,
        0.0,
        -0.0,
        0.0,
        0.0
    ],
    [
        -0.0,
        9.349848438374952,
        -5.128732892889876,
        -8.658048570938995,
        -0.9821665816719135,
        0.0,
        0.1286852066864131,
        -0.0,
        0.0,
        -0.0,
        0.0
    ],
    [
        0.0,
        10,
        -5.239461787315949,
        9.609008302956358,
        -0.9821665816719135,
        -0.0,
        0.1286852066864131,
        -0.0,
        -0.0,
        -0.0,
        -0.0
    ],
    [
        -0.0,
        9.349848438374952,
        -5.128732892889876,
        8.908782070383404,
        -0.9406210636793995,
        -0.0,
        0.1286852066864131,
        -0.0,
        -0.0,
        -0.0,
        0.0
    ],
    [
        0.0,
        -9.989185885587707,
        5.101900463965776,
        9.557679651019734,
        -1.0314057117341695,
        0.0,
        -0.13760235118420308,
        -0.0,
        -0.0,
        -0.0,
        0.0
    ],
    [
        0.0,
        9.349848438374952,
        -5.128732892889876,
        9.553363015798089,
        -0.9765576062866156,
        -0.0,
        0.1286852066864131,
        -0.0,
        0.0,
        -0.0,
        -0.0
    ],
    [
        0.0,
        -8.492362234570917,
        5.037655501718448,
        9.892821488349774,
        -0.9821665816719135,
        0.0,
        0.1286852066864131,
        -0.0,
        -0.0,
        -0.0,
        0.0
    ],
    [
        0.0,
        -9.989185885587707,
        -5.524566434901234,
        -9.607775745176241,
        -1.0579336557222399,
        -0.0,
        0.1286852066864131,
        -0.0,
        -0.0,
        -0.0,
        0.0
    ],
    [
        0.0,
        9.426546027539324,
        5.434694166966233,
        9.557679651019734,
        -1.0021043371188683,
        -0.0,
        -0.12699504902233275,
        -0.0,
        -0.0,
        -0.0,
        0.0
    ],
    [
        0.0,
        9.15239884685716,
        -5.128732892889876,
        8.908782070383404,
        -0.9821665816719135,
        0.0,
        -0.11975572161743939,
        -0.0,
        -0.0,
        -0.0,
        0.0
    ]
]
    
     After Selection 
    
    [
    [
        0.0,
        -9.67864236474673,
        6.042421479970239,
        9.557679651019734,
        -0.9571634340019024,
        0.0,
        0.1286852066864131,
        0.0,
        -0.0,
        0.0,
        0.0
    ],
    [
        -0.0,
        9.349848438374952,
        -5.128732892889876,
        8.908782070383404,
        -0.9406210636793995,
        -0.0,
        0.1286852066864131,
        -0.0,
        -0.0,
        -0.0,
        0.0
    ],
    [
        0.0,
        -8.492362234570917,
        5.037655501718448,
        9.892821488349774,
        -0.9821665816719135,
        0.0,
        0.1286852066864131,
        -0.0,
        -0.0,
        -0.0,
        0.0
    ],
    [
        0.0,
        9.349848438374952,
        -5.128732892889876,
        9.553363015798089,
        -0.9765576062866156,
        -0.0,
        0.1286852066864131,
        -0.0,
        0.0,
        -0.0,
        -0.0
    ],
    [
        0.0,
        10,
        -5.239461787315949,
        9.609008302956358,
        -0.9821665816719135,
        -0.0,
        0.1286852066864131,
        -0.0,
        -0.0,
        -0.0,
        -0.0
    ],
    [
        0.0,
        9.426546027539324,
        5.434694166966233,
        9.557679651019734,
        -1.0021043371188683,
        -0.0,
        -0.12699504902233275,
        -0.0,
        -0.0,
        -0.0,
        0.0
    ]
]
    
    After Crossover 
    
    [
    [
        0.0,
        -9.67864236474673,
        6.042421479970239,
        9.557679651019734,
        -0.9571634340019024,
        0.0,
        0.1286852066864131,
        0.0,
        -0.0,
        0.0,
        0.0
    ],
    [
        -0.0,
        9.349848438374952,
        -5.128732892889876,
        8.908782070383404,
        -0.9406210636793995,
        -0.0,
        0.1286852066864131,
        -0.0,
        -0.0,
        -0.0,
        0.0
    ],
    [
        0.0,
        -8.492362234570917,
        5.037655501718448,
        9.892821488349774,
        -0.9821665816719135,
        0.0,
        0.1286852066864131,
        -0.0,
        -0.0,
        -0.0,
        0.0
    ],
    [
        0.0,
        9.349848438374952,
        -5.128732892889876,
        9.553363015798089,
        -0.9765576062866156,
        -0.0,
        0.1286852066864131,
        -0.0,
        0.0,
        -0.0,
        -0.0
    ],
    [
        0.0,
        10,
        -5.239461787315949,
        9.609008302956358,
        -0.9821665816719135,
        -0.0,
        0.1286852066864131,
        -0.0,
        -0.0,
        -0.0,
        -0.0
    ],
    [
        0.0,
        9.426546027539324,
        5.434694166966233,
        9.557679651019734,
        -1.0021043371188683,
        -0.0,
        -0.12699504902233275,
        -0.0,
        -0.0,
        -0.0,
        0.0
    ]
][
    [
        0.0,
        9.426546027539324,
        5.434694166966233,
        9.557679651019734,
        -1.0021043371188683,
        -0.0,
        -0.13076996153936638,
        -0.0,
        -0.0,
        -0.0,
        0.0
    ],
    [
        -0.0,
        9.349848438374952,
        -5.128732892889876,
        9.792607782214574,
        -0.9406210636793995,
        -0.0,
        0.1286852066864131,
        -0.0,
        -0.0,
        -0.0,
        0.0
    ],
    [
        0.0,
        -8.994517636327679,
        -5.128732892889876,
        -9.772902789797374,
        0.9953939256995746,
        0.0,
        0.1286852066864131,
        -0.0,
        0.0,
        -0.0,
        -0.0
    ],
    [
        0.0,
        -10,
        -5.317563135186184,
        -9.88794472234004,
        -0.9821665816719135,
        0.0,
        0.13185883803719664,
        -0.0,
        -0.0,
        -0.0,
        -0.0
    ],
    [
        0.0,
        -7.681630524261595,
        4.871155811063584,
        -9.413560522107195,
        -0.9440225124409518,
        -0.0,
        0.1286852066864131,
        -0.0,
        -0.0,
        -0.0,
        0.0
    ],
    [
        0.0,
        10,
        -5.239461787315949,
        9.609008302956358,
        0.9355745728356865,
        0.0,
        -0.12098095560399609,
        -0.0,
        -0.0,
        -0.0,
        0.0
    ],
    [
        0.0,
        -8.492362234570917,
        5.037655501718448,
        9.892821488349774,
        -0.9821665816719135,
        0.0,
        -0.137669574238563,
        -0.0,
        -0.0,
        -0.0,
        0.0
    ],
    [
        0.0,
        10,
        6.042421479970239,
        -8.657182026231888,
        0.877186139689121,
        -0.0,
        0.1286852066864131,
        -0.0,
        0.0,
        0.0,
        0.0
    ],
    [
        -0.0,
        9.349848438374952,
        -5.128732892889876,
        8.908782070383404,
        1.0234035672204893,
        -0.0,
        0.1286852066864131,
        -0.0,
        -0.0,
        -0.0,
        0.0
    ],
    [
        0.0,
        9.426546027539324,
        5.434694166966233,
        9.557679651019734,
        -1.0021043371188683,
        0.0,
        -0.1249457087598497,
        0.0,
        -0.0,
        -0.0,
        -0.0
    ],
    [
        -0.0,
        -8.492362234570917,
        5.037655501718448,
        9.892821488349774,
        -0.9821665816719135,
        0.0,
        0.1286852066864131,
        -0.0,
        -0.0,
        -0.0,
        0.0
    ],
    [
        0.0,
        -10,
        -5.703913292787908,
        9.609008302956358,
        -0.9821665816719135,
        -0.0,
        -0.1343473458078682,
        -0.0,
        -0.0,
        -0.0,
        -0.0
    ],
    [
        0.0,
        -9.67864236474673,
        6.042421479970239,
        9.557679651019734,
        -0.9947124121810778,
        0.0,
        0.1286852066864131,
        0.0,
        0.0,
        -0.0,
        0.0
    ],
    [
        -0.0,
        -9.582527185475604,
        -4.76026147408943,
        8.908782070383404,
        0.9496588894948091,
        -0.0,
        0.14125276712127668,
        -0.0,
        -0.0,
        -0.0,
        0.0
    ],
    [
        0.0,
        -8.822833727334444,
        5.037655501718448,
        10,
        0.8921239480180381,
        0.0,
        0.1286852066864131,
        -0.0,
        -0.0,
        -0.0,
        0.0
    ],
    [
        -0.0,
        9.349848438374952,
        -5.128732892889876,
        9.553363015798089,
        -0.9765576062866156,
        -0.0,
        0.1286852066864131,
        -0.0,
        0.0,
        -0.0,
        -0.0
    ],
    [
        0.0,
        10,
        -5.239461787315949,
        9.609008302956358,
        -0.9821665816719135,
        -0.0,
        0.1286852066864131,
        -0.0,
        -0.0,
        -0.0,
        -0.0
    ]
]
    



    ---------------------------------------------------------------------------
    



    Generation(iteration) 25  -> 

    Intial population 

    [
    [
        0.0,
        9.426546027539324,
        5.434694166966233,
        9.557679651019734,
        -1.0021043371188683,
        -0.0,
        -0.13076996153936638,
        -0.0,
        -0.0,
        -0.0,
        0.0
    ],
    [
        -0.0,
        9.349848438374952,
        -5.128732892889876,
        9.792607782214574,
        -0.9406210636793995,
        -0.0,
        0.1286852066864131,
        -0.0,
        -0.0,
        -0.0,
        0.0
    ],
    [
        0.0,
        -8.994517636327679,
        -5.128732892889876,
        -9.772902789797374,
        0.9953939256995746,
        0.0,
        0.1286852066864131,
        -0.0,
        0.0,
        -0.0,
        -0.0
    ],
    [
        0.0,
        -10,
        -5.317563135186184,
        -9.88794472234004,
        -0.9821665816719135,
        0.0,
        0.13185883803719664,
        -0.0,
        -0.0,
        -0.0,
        -0.0
    ],
    [
        0.0,
        -7.681630524261595,
        4.871155811063584,
        -9.413560522107195,
        -0.9440225124409518,
        -0.0,
        0.1286852066864131,
        -0.0,
        -0.0,
        -0.0,
        0.0
    ],
    [
        0.0,
        10,
        -5.239461787315949,
        9.609008302956358,
        0.9355745728356865,
        0.0,
        -0.12098095560399609,
        -0.0,
        -0.0,
        -0.0,
        0.0
    ],
    [
        0.0,
        -8.492362234570917,
        5.037655501718448,
        9.892821488349774,
        -0.9821665816719135,
        0.0,
        -0.137669574238563,
        -0.0,
        -0.0,
        -0.0,
        0.0
    ],
    [
        0.0,
        10,
        6.042421479970239,
        -8.657182026231888,
        0.877186139689121,
        -0.0,
        0.1286852066864131,
        -0.0,
        0.0,
        0.0,
        0.0
    ],
    [
        -0.0,
        9.349848438374952,
        -5.128732892889876,
        8.908782070383404,
        1.0234035672204893,
        -0.0,
        0.1286852066864131,
        -0.0,
        -0.0,
        -0.0,
        0.0
    ],
    [
        0.0,
        9.426546027539324,
        5.434694166966233,
        9.557679651019734,
        -1.0021043371188683,
        0.0,
        -0.1249457087598497,
        0.0,
        -0.0,
        -0.0,
        -0.0
    ],
    [
        -0.0,
        -8.492362234570917,
        5.037655501718448,
        9.892821488349774,
        -0.9821665816719135,
        0.0,
        0.1286852066864131,
        -0.0,
        -0.0,
        -0.0,
        0.0
    ],
    [
        0.0,
        -10,
        -5.703913292787908,
        9.609008302956358,
        -0.9821665816719135,
        -0.0,
        -0.1343473458078682,
        -0.0,
        -0.0,
        -0.0,
        -0.0
    ],
    [
        0.0,
        -9.67864236474673,
        6.042421479970239,
        9.557679651019734,
        -0.9947124121810778,
        0.0,
        0.1286852066864131,
        0.0,
        0.0,
        -0.0,
        0.0
    ],
    [
        -0.0,
        -9.582527185475604,
        -4.76026147408943,
        8.908782070383404,
        0.9496588894948091,
        -0.0,
        0.14125276712127668,
        -0.0,
        -0.0,
        -0.0,
        0.0
    ],
    [
        0.0,
        -8.822833727334444,
        5.037655501718448,
        10,
        0.8921239480180381,
        0.0,
        0.1286852066864131,
        -0.0,
        -0.0,
        -0.0,
        0.0
    ],
    [
        -0.0,
        9.349848438374952,
        -5.128732892889876,
        9.553363015798089,
        -0.9765576062866156,
        -0.0,
        0.1286852066864131,
        -0.0,
        0.0,
        -0.0,
        -0.0
    ],
    [
        0.0,
        10,
        -5.239461787315949,
        9.609008302956358,
        -0.9821665816719135,
        -0.0,
        0.1286852066864131,
        -0.0,
        -0.0,
        -0.0,
        -0.0
    ]
]
    
     After Selection 
    
    [
    [
        -0.0,
        9.349848438374952,
        -5.128732892889876,
        9.792607782214574,
        -0.9406210636793995,
        -0.0,
        0.1286852066864131,
        -0.0,
        -0.0,
        -0.0,
        0.0
    ],
    [
        -0.0,
        -8.492362234570917,
        5.037655501718448,
        9.892821488349774,
        -0.9821665816719135,
        0.0,
        0.1286852066864131,
        -0.0,
        -0.0,
        -0.0,
        0.0
    ],
    [
        0.0,
        -8.492362234570917,
        5.037655501718448,
        9.892821488349774,
        -0.9821665816719135,
        0.0,
        -0.137669574238563,
        -0.0,
        -0.0,
        -0.0,
        0.0
    ],
    [
        -0.0,
        9.349848438374952,
        -5.128732892889876,
        9.553363015798089,
        -0.9765576062866156,
        -0.0,
        0.1286852066864131,
        -0.0,
        0.0,
        -0.0,
        -0.0
    ],
    [
        0.0,
        10,
        -5.239461787315949,
        9.609008302956358,
        -0.9821665816719135,
        -0.0,
        0.1286852066864131,
        -0.0,
        -0.0,
        -0.0,
        -0.0
    ],
    [
        0.0,
        -10,
        -5.703913292787908,
        9.609008302956358,
        -0.9821665816719135,
        -0.0,
        -0.1343473458078682,
        -0.0,
        -0.0,
        -0.0,
        -0.0
    ]
]
    
    After Crossover 
    
    [
    [
        -0.0,
        9.349848438374952,
        -5.128732892889876,
        9.792607782214574,
        -0.9406210636793995,
        -0.0,
        0.1286852066864131,
        -0.0,
        -0.0,
        -0.0,
        0.0
    ],
    [
        -0.0,
        -8.492362234570917,
        5.037655501718448,
        9.892821488349774,
        -0.9821665816719135,
        0.0,
        0.1286852066864131,
        -0.0,
        -0.0,
        -0.0,
        0.0
    ],
    [
        0.0,
        -8.492362234570917,
        5.037655501718448,
        9.892821488349774,
        -0.9821665816719135,
        0.0,
        -0.137669574238563,
        -0.0,
        -0.0,
        -0.0,
        0.0
    ],
    [
        -0.0,
        9.349848438374952,
        -5.128732892889876,
        9.553363015798089,
        -0.9765576062866156,
        -0.0,
        0.1286852066864131,
        -0.0,
        0.0,
        -0.0,
        -0.0
    ],
    [
        0.0,
        10,
        -5.239461787315949,
        9.609008302956358,
        -0.9821665816719135,
        -0.0,
        0.1286852066864131,
        -0.0,
        -0.0,
        -0.0,
        -0.0
    ],
    [
        0.0,
        -10,
        -5.703913292787908,
        9.609008302956358,
        -0.9821665816719135,
        -0.0,
        -0.1343473458078682,
        -0.0,
        -0.0,
        -0.0,
        -0.0
    ]
][
    [
        0.0,
        10,
        5.0742961842254015,
        9.609008302956358,
        -0.9821665816719135,
        -0.0,
        -0.1172872752552167,
        -0.0,
        -0.0,
        -0.0,
        -0.0
    ],
    [
        0.0,
        -10,
        5.319521838635331,
        9.609008302956358,
        -0.9841551969497271,
        -0.0,
        -0.14482512008010295,
        -0.0,
        -0.0,
        -0.0,
        -0.0
    ],
    [
        0.0,
        -8.492362234570917,
        5.037655501718448,
        9.892821488349774,
        -0.9821665816719135,
        -0.0,
        0.1286852066864131,
        -0.0,
        -0.0,
        0.0,
        -0.0
    ],
    [
        0.0,
        -10,
        -5.703913292787908,
        9.609008302956358,
        -1.0524473958248213,
        -0.0,
        -0.1343473458078682,
        0.0,
        0.0,
        -0.0,
        -0.0
    ],
    [
        -0.0,
        9.781779110729797,
        -5.128732892889876,
        -10,
        -0.9765576062866156,
        -0.0,
        0.1286852066864131,
        -0.0,
        0.0,
        0.0,
        -0.0
    ],
    [
        0.0,
        -10,
        -5.703913292787908,
        9.609008302956358,
        -0.9821665816719135,
        -0.0,
        -0.14139341637359168,
        0.0,
        -0.0,
        -0.0,
        0.0
    ],
    [
        -0.0,
        9.202746331933847,
        -5.128732892889876,
        9.553363015798089,
        -0.9765576062866156,
        -0.0,
        0.1286852066864131,
        -0.0,
        -0.0,
        -0.0,
        0.0
    ],
    [
        0.0,
        9.074757931442349,
        5.037655501718448,
        9.559690927641144,
        -0.9821665816719135,
        0.0,
        -0.137669574238563,
        -0.0,
        -0.0,
        -0.0,
        0.0
    ],
    [
        -0.0,
        9.349848438374952,
        -5.128732892889876,
        -9.408031718619473,
        -0.9406210636793995,
        -0.0,
        0.1286852066864131,
        -0.0,
        -0.0,
        -0.0,
        0.0
    ],
    [
        0.0,
        10,
        -5.239461787315949,
        9.609008302956358,
        -0.9821665816719135,
        -0.0,
        0.1286852066864131,
        -0.0,
        -0.0,
        -0.0,
        -0.0
    ],
    [
        0.0,
        -10,
        5.184609436413476,
        9.609008302956358,
        -0.9821665816719135,
        -0.0,
        -0.14520321617766097,
        0.0,
        -0.0,
        -0.0,
        -0.0
    ],
    [
        -0.0,
        9.349848438374952,
        -5.128732892889876,
        9.792607782214574,
        0.9495318566475904,
        -0.0,
        0.1286852066864131,
        -0.0,
        -0.0,
        0.0,
        -0.0
    ],
    [
        -0.0,
        -8.492362234570917,
        -4.886266273904943,
        9.892821488349774,
        -0.9279373751926954,
        0.0,
        0.1286852066864131,
        -0.0,
        -0.0,
        -0.0,
        0.0
    ],
    [
        0.0,
        -8.492362234570917,
        4.73622538448761,
        10,
        -0.9821665816719135,
        -0.0,
        -0.12596074270746827,
        -0.0,
        -0.0,
        -0.0,
        0.0
    ],
    [
        -0.0,
        9.349848438374952,
        -5.128732892889876,
        9.771562316124465,
        0.9356017222748803,
        -0.0,
        0.1286852066864131,
        -0.0,
        0.0,
        -0.0,
        -0.0
    ],
    [
        0.0,
        10,
        5.2361637891656905,
        9.609008302956358,
        -0.9821665816719135,
        -0.0,
        0.1286852066864131,
        -0.0,
        -0.0,
        -0.0,
        -0.0
    ]
]
    



    ---------------------------------------------------------------------------
    



    Generation(iteration) 26  -> 

    Intial population 

    [
    [
        0.0,
        10,
        5.0742961842254015,
        9.609008302956358,
        -0.9821665816719135,
        -0.0,
        -0.1172872752552167,
        -0.0,
        -0.0,
        -0.0,
        -0.0
    ],
    [
        0.0,
        -10,
        5.319521838635331,
        9.609008302956358,
        -0.9841551969497271,
        -0.0,
        -0.14482512008010295,
        -0.0,
        -0.0,
        -0.0,
        -0.0
    ],
    [
        0.0,
        -8.492362234570917,
        5.037655501718448,
        9.892821488349774,
        -0.9821665816719135,
        -0.0,
        0.1286852066864131,
        -0.0,
        -0.0,
        0.0,
        -0.0
    ],
    [
        0.0,
        -10,
        -5.703913292787908,
        9.609008302956358,
        -1.0524473958248213,
        -0.0,
        -0.1343473458078682,
        0.0,
        0.0,
        -0.0,
        -0.0
    ],
    [
        -0.0,
        9.781779110729797,
        -5.128732892889876,
        -10,
        -0.9765576062866156,
        -0.0,
        0.1286852066864131,
        -0.0,
        0.0,
        0.0,
        -0.0
    ],
    [
        0.0,
        -10,
        -5.703913292787908,
        9.609008302956358,
        -0.9821665816719135,
        -0.0,
        -0.14139341637359168,
        0.0,
        -0.0,
        -0.0,
        0.0
    ],
    [
        -0.0,
        9.202746331933847,
        -5.128732892889876,
        9.553363015798089,
        -0.9765576062866156,
        -0.0,
        0.1286852066864131,
        -0.0,
        -0.0,
        -0.0,
        0.0
    ],
    [
        0.0,
        9.074757931442349,
        5.037655501718448,
        9.559690927641144,
        -0.9821665816719135,
        0.0,
        -0.137669574238563,
        -0.0,
        -0.0,
        -0.0,
        0.0
    ],
    [
        -0.0,
        9.349848438374952,
        -5.128732892889876,
        -9.408031718619473,
        -0.9406210636793995,
        -0.0,
        0.1286852066864131,
        -0.0,
        -0.0,
        -0.0,
        0.0
    ],
    [
        0.0,
        10,
        -5.239461787315949,
        9.609008302956358,
        -0.9821665816719135,
        -0.0,
        0.1286852066864131,
        -0.0,
        -0.0,
        -0.0,
        -0.0
    ],
    [
        0.0,
        -10,
        5.184609436413476,
        9.609008302956358,
        -0.9821665816719135,
        -0.0,
        -0.14520321617766097,
        0.0,
        -0.0,
        -0.0,
        -0.0
    ],
    [
        -0.0,
        9.349848438374952,
        -5.128732892889876,
        9.792607782214574,
        0.9495318566475904,
        -0.0,
        0.1286852066864131,
        -0.0,
        -0.0,
        0.0,
        -0.0
    ],
    [
        -0.0,
        -8.492362234570917,
        -4.886266273904943,
        9.892821488349774,
        -0.9279373751926954,
        0.0,
        0.1286852066864131,
        -0.0,
        -0.0,
        -0.0,
        0.0
    ],
    [
        0.0,
        -8.492362234570917,
        4.73622538448761,
        10,
        -0.9821665816719135,
        -0.0,
        -0.12596074270746827,
        -0.0,
        -0.0,
        -0.0,
        0.0
    ],
    [
        -0.0,
        9.349848438374952,
        -5.128732892889876,
        9.771562316124465,
        0.9356017222748803,
        -0.0,
        0.1286852066864131,
        -0.0,
        0.0,
        -0.0,
        -0.0
    ],
    [
        0.0,
        10,
        5.2361637891656905,
        9.609008302956358,
        -0.9821665816719135,
        -0.0,
        0.1286852066864131,
        -0.0,
        -0.0,
        -0.0,
        -0.0
    ]
]
    
     After Selection 
    
    [
    [
        -0.0,
        -8.492362234570917,
        -4.886266273904943,
        9.892821488349774,
        -0.9279373751926954,
        0.0,
        0.1286852066864131,
        -0.0,
        -0.0,
        -0.0,
        0.0
    ],
    [
        0.0,
        -8.492362234570917,
        4.73622538448761,
        10,
        -0.9821665816719135,
        -0.0,
        -0.12596074270746827,
        -0.0,
        -0.0,
        -0.0,
        0.0
    ],
    [
        0.0,
        -8.492362234570917,
        5.037655501718448,
        9.892821488349774,
        -0.9821665816719135,
        -0.0,
        0.1286852066864131,
        -0.0,
        -0.0,
        0.0,
        -0.0
    ],
    [
        0.0,
        10,
        5.2361637891656905,
        9.609008302956358,
        -0.9821665816719135,
        -0.0,
        0.1286852066864131,
        -0.0,
        -0.0,
        -0.0,
        -0.0
    ],
    [
        0.0,
        10,
        5.0742961842254015,
        9.609008302956358,
        -0.9821665816719135,
        -0.0,
        -0.1172872752552167,
        -0.0,
        -0.0,
        -0.0,
        -0.0
    ],
    [
        0.0,
        -10,
        5.184609436413476,
        9.609008302956358,
        -0.9821665816719135,
        -0.0,
        -0.14520321617766097,
        0.0,
        -0.0,
        -0.0,
        -0.0
    ]
]
    
    After Crossover 
    
    [
    [
        -0.0,
        -8.492362234570917,
        -4.886266273904943,
        9.892821488349774,
        -0.9279373751926954,
        0.0,
        0.1286852066864131,
        -0.0,
        -0.0,
        -0.0,
        0.0
    ],
    [
        0.0,
        -8.492362234570917,
        4.73622538448761,
        10,
        -0.9821665816719135,
        -0.0,
        -0.12596074270746827,
        -0.0,
        -0.0,
        -0.0,
        0.0
    ],
    [
        0.0,
        -8.492362234570917,
        5.037655501718448,
        9.892821488349774,
        -0.9821665816719135,
        -0.0,
        0.1286852066864131,
        -0.0,
        -0.0,
        0.0,
        -0.0
    ],
    [
        0.0,
        10,
        5.2361637891656905,
        9.609008302956358,
        -0.9821665816719135,
        -0.0,
        0.1286852066864131,
        -0.0,
        -0.0,
        -0.0,
        -0.0
    ],
    [
        0.0,
        10,
        5.0742961842254015,
        9.609008302956358,
        -0.9821665816719135,
        -0.0,
        -0.1172872752552167,
        -0.0,
        -0.0,
        -0.0,
        -0.0
    ],
    [
        0.0,
        -10,
        5.184609436413476,
        9.609008302956358,
        -0.9821665816719135,
        -0.0,
        -0.14520321617766097,
        0.0,
        -0.0,
        -0.0,
        -0.0
    ]
][
    [
        0.0,
        -10,
        5.581551427247644,
        -9.92871506977451,
        -0.9821665816719135,
        -0.0,
        -0.14616822903821564,
        -0.0,
        0.0,
        -0.0,
        -0.0
    ],
    [
        -0.0,
        -8.492362234570917,
        -4.886266273904943,
        9.892821488349774,
        -0.9279373751926954,
        -0.0,
        -0.13947119573142586,
        -0.0,
        -0.0,
        -0.0,
        0.0
    ],
    [
        0.0,
        10,
        5.0742961842254015,
        9.609008302956358,
        -0.9821665816719135,
        0.0,
        -0.1172872752552167,
        -0.0,
        0.0,
        -0.0,
        -0.0
    ],
    [
        0.0,
        -8.492362234570917,
        4.916910592157612,
        10,
        -0.9821665816719135,
        -0.0,
        -0.12975439147226103,
        -0.0,
        -0.0,
        -0.0,
        -0.0
    ],
    [
        0.0,
        -8.492362234570917,
        5.037655501718448,
        -10,
        -0.9821665816719135,
        -0.0,
        0.13773737142978515,
        -0.0,
        -0.0,
        0.0,
        -0.0
    ],
    [
        0.0,
        -10,
        5.184609436413476,
        10,
        -1.0134895412572364,
        -0.0,
        -0.14520321617766097,
        0.0,
        -0.0,
        -0.0,
        -0.0
    ],
    [
        0.0,
        -8.492362234570917,
        5.037655501718448,
        -10,
        -0.9821665816719135,
        -0.0,
        0.1403789165260586,
        -0.0,
        -0.0,
        -0.0,
        -0.0
    ],
    [
        0.0,
        -8.492362234570917,
        -4.886266273904943,
        9.892821488349774,
        -0.9279373751926954,
        0.0,
        0.12405585628999657,
        -0.0,
        -0.0,
        0.0,
        0.0
    ],
    [
        0.0,
        -8.492362234570917,
        -5.1770016551427736,
        9.892821488349774,
        -0.9821665816719135,
        -0.0,
        0.1286852066864131,
        -0.0,
        -0.0,
        0.0,
        -0.0
    ],
    [
        -0.0,
        -8.492362234570917,
        -5.277620577761032,
        10,
        0.989532196761358,
        0.0,
        0.11630317628499948,
        -0.0,
        -0.0,
        0.0,
        0.0
    ],
    [
        -0.0,
        -8.492362234570917,
        4.720475868233412,
        -10,
        0.9523984902119303,
        -0.0,
        -0.13531070917885515,
        -0.0,
        0.0,
        -0.0,
        0.0
    ],
    [
        -0.0,
        -8.492362234570917,
        -4.8693736968556225,
        9.892821488349774,
        -0.9279373751926954,
        0.0,
        0.1286852066864131,
        -0.0,
        -0.0,
        -0.0,
        0.0
    ],
    [
        0.0,
        -8.492362234570917,
        -4.388964074272629,
        10,
        -0.9821665816719135,
        0.0,
        -0.12596074270746827,
        -0.0,
        -0.0,
        -0.0,
        -0.0
    ],
    [
        0.0,
        9.102508137854867,
        5.037655501718448,
        9.892821488349774,
        -0.9542049054523012,
        -0.0,
        0.1286852066864131,
        -0.0,
        -0.0,
        -0.0,
        -0.0
    ],
    [
        0.0,
        10,
        -5.0937779185182706,
        9.609008302956358,
        -0.896924606002139,
        -0.0,
        0.1286852066864131,
        -0.0,
        -0.0,
        -0.0,
        -0.0
    ],
    [
        0.0,
        10,
        5.0742961842254015,
        9.609008302956358,
        -0.9821665816719135,
        0.0,
        -0.11482799473149373,
        -0.0,
        -0.0,
        -0.0,
        -0.0
    ]
]
    



    ---------------------------------------------------------------------------
    

